MEME version 5.5.5

Alphabet= ACDEFGHIKLMNPQRSTVWY

Background letter frequencies
A 0.084806 C 0.007067 D 0.055359 E 0.048292 F 0.022379 G 0.078916 H 0.024735 I 0.022379 K 0.041225 L 0.065960 M 0.020024 N 0.041225 P 0.065960 Q 0.025913 R 0.080094 S 0.183746 T 0.060071 V 0.050648 W 0.004711 Y 0.016490 

MOTIF xxRxx_S79.9663_xxxxx    ..R..S.....
letter-probability matrix: alength= 20 w= 11 nsites= 17 E= 1.0e+000
0.000000	0.000000	0.000000	0.000000	0.000000	0.058824	0.000000	0.058824	0.000000	0.235294	0.235294	0.058824	0.000000	0.058824	0.176471	0.058824	0.000000	0.058824	0.000000	0.000000	
0.117647	0.000000	0.000000	0.000000	0.000000	0.058824	0.058824	0.000000	0.000000	0.000000	0.000000	0.117647	0.294118	0.058824	0.058824	0.176471	0.058824	0.000000	0.000000	0.000000	
0.000000	0.000000	0.000000	0.000000	0.000000	0.000000	0.000000	0.000000	0.000000	0.000000	0.000000	0.000000	0.000000	0.000000	1.000000	0.000000	0.000000	0.000000	0.000000	0.000000	
0.176471	0.000000	0.000000	0.000000	0.000000	0.117647	0.000000	0.058824	0.000000	0.117647	0.000000	0.117647	0.000000	0.058824	0.058824	0.117647	0.000000	0.176471	0.000000	0.000000	
0.000000	0.000000	0.235294	0.000000	0.000000	0.176471	0.000000	0.058824	0.000000	0.117647	0.000000	0.000000	0.058824	0.000000	0.117647	0.058824	0.176471	0.000000	0.000000	0.000000	
0.000000	0.000000	0.000000	0.000000	0.000000	0.000000	0.000000	0.000000	0.000000	0.000000	0.000000	0.000000	0.000000	0.000000	0.000000	1.000000	0.000000	0.000000	0.000000	0.000000	
0.058824	0.000000	0.000000	0.235294	0.058824	0.117647	0.000000	0.117647	0.000000	0.000000	0.000000	0.000000	0.176471	0.000000	0.058824	0.117647	0.000000	0.058824	0.000000	0.000000	
0.000000	0.000000	0.058824	0.058824	0.000000	0.235294	0.058824	0.000000	0.000000	0.000000	0.000000	0.058824	0.117647	0.176471	0.000000	0.235294	0.000000	0.000000	0.000000	0.000000	
0.176471	0.000000	0.176471	0.000000	0.000000	0.058824	0.000000	0.058824	0.000000	0.000000	0.000000	0.058824	0.176471	0.058824	0.000000	0.000000	0.058824	0.117647	0.000000	0.058824	
0.058824	0.000000	0.235294	0.117647	0.000000	0.000000	0.000000	0.000000	0.058824	0.176471	0.000000	0.176471	0.000000	0.000000	0.000000	0.058824	0.000000	0.058824	0.058824	0.000000	
0.117647	0.176471	0.117647	0.058824	0.000000	0.117647	0.000000	0.000000	0.000000	0.058824	0.000000	0.000000	0.058824	0.117647	0.117647	0.000000	0.000000	0.058824	0.000000	0.000000	

MOTIF xxxxx_S79.9663_[EP]xxxx    .....S[EP]....
letter-probability matrix: alength= 20 w= 11 nsites= 10 E= 1.0e+000
0.000000	0.000000	0.000000	0.000000	0.000000	0.000000	0.000000	0.000000	0.000000	0.100000	0.100000	0.000000	0.000000	0.000000	0.100000	0.500000	0.000000	0.100000	0.000000	0.100000	
0.000000	0.000000	0.000000	0.000000	0.100000	0.300000	0.100000	0.000000	0.000000	0.100000	0.000000	0.100000	0.000000	0.000000	0.100000	0.000000	0.100000	0.100000	0.000000	0.000000	
0.100000	0.000000	0.000000	0.000000	0.000000	0.000000	0.000000	0.000000	0.000000	0.100000	0.000000	0.100000	0.100000	0.100000	0.000000	0.200000	0.300000	0.000000	0.000000	0.000000	
0.000000	0.000000	0.000000	0.300000	0.000000	0.000000	0.000000	0.000000	0.100000	0.000000	0.000000	0.100000	0.100000	0.000000	0.000000	0.200000	0.000000	0.200000	0.000000	0.000000	
0.000000	0.000000	0.000000	0.000000	0.000000	0.100000	0.000000	0.000000	0.000000	0.100000	0.000000	0.000000	0.100000	0.100000	0.000000	0.400000	0.000000	0.100000	0.000000	0.100000	
0.000000	0.000000	0.000000	0.000000	0.000000	0.000000	0.000000	0.000000	0.000000	0.000000	0.000000	0.000000	0.000000	0.000000	0.000000	1.000000	0.000000	0.000000	0.000000	0.000000	
0.000000	0.000000	0.000000	0.100000	0.000000	0.000000	0.000000	0.000000	0.000000	0.000000	0.000000	0.000000	0.900000	0.000000	0.000000	0.000000	0.000000	0.000000	0.000000	0.000000	
0.000000	0.000000	0.000000	0.100000	0.000000	0.200000	0.000000	0.000000	0.200000	0.000000	0.000000	0.100000	0.100000	0.000000	0.200000	0.100000	0.000000	0.000000	0.000000	0.000000	
0.200000	0.000000	0.000000	0.000000	0.000000	0.000000	0.000000	0.000000	0.000000	0.000000	0.100000	0.000000	0.200000	0.000000	0.200000	0.200000	0.100000	0.000000	0.000000	0.000000	
0.000000	0.000000	0.000000	0.000000	0.000000	0.100000	0.000000	0.100000	0.000000	0.100000	0.000000	0.100000	0.000000	0.000000	0.100000	0.100000	0.200000	0.200000	0.000000	0.000000	
0.000000	0.000000	0.100000	0.000000	0.000000	0.300000	0.000000	0.000000	0.100000	0.000000	0.000000	0.100000	0.000000	0.000000	0.100000	0.300000	0.000000	0.000000	0.000000	0.000000	

MOTIF xxxxx_T79.9663_xxxxD    .....T....D
letter-probability matrix: alength= 20 w= 11 nsites= 4 E= 1.0e+000
0.500000	0.000000	0.000000	0.000000	0.000000	0.000000	0.000000	0.000000	0.250000	0.000000	0.000000	0.000000	0.250000	0.000000	0.000000	0.000000	0.000000	0.000000	0.000000	0.000000	
0.250000	0.500000	0.000000	0.000000	0.000000	0.000000	0.000000	0.000000	0.000000	0.000000	0.000000	0.000000	0.000000	0.000000	0.000000	0.250000	0.000000	0.000000	0.000000	0.000000	
0.000000	0.000000	0.000000	0.250000	0.000000	0.250000	0.000000	0.000000	0.000000	0.250000	0.000000	0.000000	0.000000	0.000000	0.000000	0.000000	0.000000	0.250000	0.000000	0.000000	
0.000000	0.000000	0.000000	0.000000	0.000000	0.250000	0.000000	0.250000	0.000000	0.000000	0.000000	0.000000	0.000000	0.000000	0.250000	0.250000	0.000000	0.000000	0.000000	0.000000	
0.000000	0.000000	0.000000	0.000000	0.000000	0.250000	0.000000	0.000000	0.250000	0.000000	0.000000	0.000000	0.000000	0.000000	0.250000	0.250000	0.000000	0.000000	0.000000	0.000000	
0.000000	0.000000	0.000000	0.000000	0.000000	0.000000	0.000000	0.000000	0.000000	0.000000	0.000000	0.000000	0.000000	0.000000	0.000000	0.000000	1.000000	0.000000	0.000000	0.000000	
0.000000	0.000000	0.000000	0.000000	0.000000	0.000000	0.000000	0.000000	0.000000	0.000000	0.000000	0.000000	0.250000	0.000000	0.250000	0.500000	0.000000	0.000000	0.000000	0.000000	
0.000000	0.000000	0.000000	0.250000	0.250000	0.000000	0.000000	0.000000	0.000000	0.000000	0.000000	0.000000	0.000000	0.000000	0.000000	0.250000	0.000000	0.250000	0.000000	0.000000	
0.000000	0.000000	0.000000	0.000000	0.250000	0.250000	0.000000	0.000000	0.000000	0.000000	0.000000	0.000000	0.000000	0.000000	0.500000	0.000000	0.000000	0.000000	0.000000	0.000000	
0.000000	0.000000	0.250000	0.250000	0.000000	0.000000	0.000000	0.000000	0.000000	0.000000	0.000000	0.000000	0.000000	0.000000	0.000000	0.000000	0.250000	0.000000	0.000000	0.250000	
0.000000	0.000000	1.000000	0.000000	0.000000	0.000000	0.000000	0.000000	0.000000	0.000000	0.000000	0.000000	0.000000	0.000000	0.000000	0.000000	0.000000	0.000000	0.000000	0.000000	

